name,Faculty of MASSCOM and FSSR,Fakulti Sains Komputer & Matematik 1,Fakulti Sains Komputer & Matematik 2,Kolej Melati,Kolej Mawar,Block B Faculty Of Applied Sciences,Kolej Seroja,Block C Faculty Of Applied Sciences,Kolej Delima 1,Kolej Delima 3,Kolej Delima 2 (Pusat Kokurikulum),Faculty of Art and Design,Perpustakaan Tun Abdul Razak 1,Taska UiTM Shah Alam,Dewan Platinum Kolej Melati,Dewan Mawar Qaseh,Unit Bengkel Kenderaan UiTM Shah Alam,"Jabatan Pengurusan Perolehan & Aset, Pejabat Bendahari UiTM Shah Alam",Akademi Pengajian Bahasa,Pintu Seksyen 2,Dataran Cendekiawan,Kolej Anggerik,Makmal Fakulti Kejuruteraan Kimia,Kompleks Kolam Renang UiTM Shah Alam,Fakulti Undang-Undang,Masjid Al-Wathiqu Billah Tuanku Mizan Zainal Abidin,Parking Canseleri,Canseleri Tuanku Syed Sirajuddin,Kompleks Kejuruteraan Elektrikal,Fakulti Kejuruteraan Kimia,Hotel UiTM Shah Alam,Kompleks Sukan UiTM Shah Alam,Kolej Perindu,Pusat Kokurikulum,Ibu Pejabat Polis Bantuan UiTM,Kolej Teratai 2,Kolej Teratai,Kolej Teratai 3,Kolej Delima 2 (PB),UiTM FacilitiesS Center,Faculty of Civil Engineering,Dewan Sri Budiman,Dewan Annexe,Menara Sultan Abdul Aziz Shah,Bahagian Pembangunan Organisasi,Jabatan Sain Ukur dan Geomatik,DKB,Block A Faculty of Applied Science,Block A Faculty Of Applied Sciences,DK Beta,DK Alfa,DK Delta,DK Gamma & DK Bestari,Block F Faculty Of Applied Sciences,irmi,Malaysian Institut Transport,MITRAN,National Design Centre,Budisiswa,Bangunan HEP,Faculty of Business,"Instititut Leadership, Quality",Ayub Arshad Graduate Business School,Gym Sport Recreation,Dewan Agung Tuanku Canselor,MTDC,Surau FSPU,AB1,AB3,AB2,Kafeteria Kolej Anggerik,Mamakteria Cafe,Pusat Kesihatan UiTM Shah Alam,Non Resident Office,Security Office,Register Office,Pos Polis Bantuan,Stor Sukan,Institut Pengajian Siswazah
Faculty of MASSCOM and FSSR,0,0.226,0.141,0.289,0.698,0.995,0.852,0.964,0.603,0.527,0.576,1.314,1.107,0.378,0.424,0.574,0.695,0.629,1.143,0.627,0.477,1.043,0.943,0.466,1.161,0.666,0.601,0.595,0.311,0.207,1.056,0.753,0.786,0.562,0.431,0.527,0.421,0.481,0.399,0.467,0.412,1.119,1.077,1.015,0.983,0.96,0.937,1.028,1.059,1.008,1.029,0.934,0.942,0.866,0.875,0.894,0.903,1.377,1.174,1.197,1.106,1.094,1.157,0.962,0.99,1.117,1.151,0.905,0.952,0.918,0.973,0.925,0.891,0.483,1.017,0.921,1.102,0.774,0.987
Fakulti Sains Komputer & Matematik 1,0.226,0,0.115,0.193,0.582,0.785,0.703,0.76,0.376,0.307,0.367,1.135,0.912,0.152,0.286,0.452,0.631,0.565,1.037,0.507,0.355,0.921,0.827,0.24,0.945,0.463,0.434,0.438,0.376,0.338,0.908,0.572,0.56,0.34,0.247,0.365,0.203,0.279,0.194,0.264,0.393,0.941,0.896,0.822,0.802,0.772,0.742,0.828,0.859,0.802,0.822,0.725,0.735,0.659,0.692,0.709,0.712,1.193,0.973,0.989,0.893,0.876,0.937,0.736,0.771,0.93,1.012,0.772,0.824,0.779,0.842,0.859,0.797,0.323,0.835,0.742,1.017,0.599,0.761
Fakulti Sains Komputer & Matematik 2,0.141,0.115,0,0.159,0.574,0.899,0.809,0.875,0.476,0.391,0.436,1.249,1.027,0.257,0.289,0.446,0.592,0.525,1.025,0.603,0.347,0.92,0.821,0.342,1.057,0.578,0.543,0.545,0.275,0.224,1.015,0.613,0.662,0.428,0.29,0.388,0.287,0.34,0.26,0.379,0.326,1.055,1.009,0.937,0.915,0.886,0.857,0.943,0.974,0.917,0.936,0.84,0.849,0.774,0.805,0.823,0.827,1.307,1.088,1.104,1.006,0.989,1.048,0.831,0.852,0.976,1.022,0.777,0.826,0.788,0.846,0.824,0.777,0.345,0.877,0.855,0.994,0.711,0.863
Kolej Melati,0.289,0.193,0.159,0,0.415,0.891,0.874,0.88,0.424,0.316,0.333,1.277,1.04,0.251,0.136,0.288,0.442,0.376,0.867,0.692,0.189,0.761,0.662,0.312,1.033,0.595,0.602,0.611,0.233,0.26,1.075,0.472,0.608,0.355,0.174,0.242,0.23,0.238,0.182,0.413,0.205,1.087,1.038,0.954,0.947,0.911,0.873,0.95,0.981,0.917,0.933,0.835,0.848,0.775,0.838,0.852,0.851,1.329,1.091,1.095,0.989,0.962,1.014,0.751,0.748,0.835,0.864,0.619,0.667,0.631,0.688,0.673,0.62,0.2,0.733,0.89,0.838,0.756,0.801
Kolej Mawar ,0.698,0.582,0.574,0.415,0,0.999,1.136,1.02,0.547,0.447,0.379,1.438,1.182,0.542,0.295,0.129,0.164,0.162,0.455,1.012,0.229,0.346,0.247,0.534,1.087,0.806,0.882,0.903,0.484,0.592,1.316,0.253,0.657,0.467,0.359,0.239,0.464,0.376,0.428,0.694,0.333,1.269,1.216,1.114,1.138,1.09,1.041,1.088,1.116,1.04,1.049,0.96,0.977,0.922,1.041,1.047,1.035,1.472,1.205,1.183,1.065,1.018,1.044,0.693,0.608,0.517,0.456,0.211,0.255,0.229,0.277,0.312,0.221,0.271,0.415,1.095,0.441,0.993,0.785
Block B Faculty Of Applied Sciences,0.995,0.785,0.899,0.891,0.999,0,0.409,0.075,0.481,0.6,0.637,0.445,0.19,0.65,0.851,0.929,1.146,1.106,1.321,0.548,0.896,1.185,1.139,0.579,0.178,0.331,0.446,0.47,1.123,1.118,0.451,0.774,0.342,0.564,0.751,0.807,0.663,0.692,0.713,0.529,1.065,0.309,0.262,0.159,0.235,0.187,0.143,0.105,0.124,0.051,0.05,0.062,0.059,0.132,0.233,0.213,0.185,0.473,0.207,0.205,0.115,0.133,0.207,0.404,0.554,0.9,1.184,1.051,1.099,1.037,1.098,1.299,1.185,0.807,0.877,0.246,1.369,0.318,0.304
Kolej Seroja,0.852,0.703,0.809,0.874,1.136,0.409,0,0.334,0.599,0.689,0.762,0.488,0.367,0.632,0.898,1.03,1.249,1.193,1.538,0.237,0.961,1.403,1.334,0.608,0.565,0.336,0.272,0.265,1.079,1.029,0.206,0.972,0.585,0.672,0.8,0.903,0.691,0.765,0.738,0.465,1.077,0.305,0.283,0.292,0.211,0.234,0.267,0.347,0.363,0.374,0.396,0.371,0.36,0.335,0.177,0.196,0.224,0.559,0.455,0.516,0.502,0.539,0.611,0.741,0.879,1.204,1.438,1.252,1.307,1.246,1.313,1.448,1.35,0.883,1.153,0.168,1.56,0.15,0.665
Block C Faculty Of Applied Sciences,0.964,0.76,0.875,0.88,1.02,0.075,0.334,0,0.486,0.603,0.649,0.418,0.164,0.634,0.852,0.942,1.161,1.118,1.36,0.483,0.901,1.223,1.173,0.569,0.242,0.298,0.393,0.415,1.11,1.097,0.382,0.805,0.371,0.571,0.75,0.817,0.655,0.695,0.706,0.499,1.063,0.259,0.208,0.1,0.164,0.114,0.068,0.071,0.101,0.049,0.072,0.064,0.046,0.105,0.16,0.139,0.111,0.457,0.213,0.236,0.176,0.205,0.279,0.462,0.611,0.955,1.23,1.085,1.135,1.072,1.136,1.325,1.213,0.813,0.926,0.171,1.403,0.251,0.367
Kolej Delima 1,0.603,0.376,0.476,0.424,0.547,0.481,0.599,0.486,0,0.118,0.169,0.902,0.65,0.224,0.37,0.458,0.679,0.633,0.94,0.524,0.415,0.805,0.736,0.137,0.611,0.263,0.373,0.401,0.657,0.673,0.77,0.375,0.187,0.084,0.271,0.332,0.197,0.211,0.242,0.235,0.586,0.725,0.673,0.575,0.592,0.546,0.498,0.557,0.586,0.515,0.528,0.432,0.447,0.383,0.494,0.5,0.489,0.943,0.687,0.682,0.571,0.54,0.59,0.361,0.418,0.661,0.849,0.654,0.708,0.648,0.716,0.859,0.755,0.327,0.588,0.548,0.962,0.451,0.387
Kolej Delima 3,0.527,0.307,0.391,0.316,0.447,0.6,0.689,0.603,0.118,0,0.084,1.017,0.767,0.17,0.252,0.347,0.569,0.52,0.864,0.581,0.298,0.733,0.655,0.106,0.728,0.36,0.44,0.464,0.545,0.571,0.87,0.317,0.294,0.04,0.153,0.22,0.105,0.093,0.137,0.264,0.468,0.838,0.786,0.69,0.702,0.658,0.612,0.674,0.704,0.633,0.646,0.55,0.565,0.499,0.601,0.608,0.6,1.06,0.806,0.8,0.689,0.656,0.703,0.442,0.464,0.648,0.793,0.579,0.634,0.577,0.645,0.759,0.663,0.21,0.562,0.654,0.876,0.546,0.486
Kolej Delima 2 (Pusat Kokurikulum),0.576,0.367,0.436,0.333,0.379,0.637,0.762,0.649,0.169,0.084,0,1.067,0.813,0.244,0.237,0.292,0.512,0.469,0.784,0.663,0.265,0.651,0.575,0.189,0.75,0.428,0.52,0.545,0.55,0.593,0.938,0.234,0.308,0.09,0.159,0.171,0.167,0.097,0.177,0.348,0.452,0.893,0.841,0.741,0.761,0.714,0.665,0.719,0.748,0.675,0.686,0.593,0.608,0.549,0.663,0.669,0.658,1.106,0.845,0.832,0.717,0.679,0.719,0.422,0.418,0.571,0.709,0.498,0.553,0.495,0.563,0.69,0.589,0.177,0.482,0.716,0.799,0.617,0.483
Faculty of Art and Design,1.314,1.135,1.249,1.277,1.438,0.445,0.488,0.418,0.902,1.017,1.067,0,0.257,1.027,1.263,1.359,1.579,1.535,1.765,0.723,1.315,1.629,1.584,0.973,0.439,0.682,0.713,0.72,1.502,1.473,0.324,1.218,0.785,0.986,1.16,1.234,1.06,1.108,1.112,0.873,1.468,0.195,0.24,0.328,0.333,0.367,0.407,0.35,0.323,0.399,0.395,0.478,0.461,0.519,0.443,0.427,0.427,0.076,0.259,0.318,0.419,0.48,0.507,0.835,0.983,1.328,1.624,1.496,1.544,1.481,1.543,1.742,1.628,1.227,1.315,0.394,1.814,0.541,0.729
Perpustakaan Tun Abdul Razak 1,1.107,0.912,1.027,1.04,1.182,0.19,0.367,0.164,0.65,0.767,0.813,0.257,0,0.792,1.016,1.105,1.325,1.282,1.51,0.571,1.065,1.374,1.328,0.731,0.242,0.45,0.516,0.531,1.269,1.25,0.32,0.962,0.528,0.735,0.913,0.981,0.817,0.859,0.868,0.649,1.225,0.137,0.107,0.093,0.156,0.154,0.171,0.094,0.067,0.143,0.14,0.221,0.205,0.268,0.242,0.219,0.206,0.293,0.088,0.155,0.195,0.254,0.306,0.589,0.739,1.086,1.374,1.24,1.288,1.226,1.288,1.485,1.372,0.977,1.066,0.212,1.558,0.35,0.486
Taska UiTM Shah Alam,0.378,0.152,0.257,0.251,0.542,0.65,0.632,0.634,0.224,0.17,0.244,1.027,0.792,0,0.27,0.421,0.629,0.569,0.987,0.474,0.338,0.862,0.774,0.088,0.803,0.345,0.361,0.376,0.477,0.468,0.83,0.471,0.408,0.196,0.183,0.305,0.084,0.179,0.115,0.167,0.448,0.836,0.788,0.705,0.696,0.66,0.624,0.703,0.735,0.672,0.69,0.593,0.604,0.53,0.587,0.601,0.6,1.079,0.846,0.855,0.754,0.734,0.792,0.585,0.627,0.815,0.936,0.708,0.762,0.711,0.776,0.844,0.763,0.272,0.726,0.64,0.983,0.508,0.609
Dewan Platinum Kolej Melati,0.424,0.286,0.289,0.136,0.295,0.851,0.898,0.852,0.37,0.252,0.237,1.263,1.016,0.27,0,0.166,0.36,0.299,0.75,0.744,0.07,0.637,0.541,0.295,0.978,0.589,0.63,0.646,0.317,0.379,1.091,0.339,0.539,0.289,0.102,0.108,0.208,0.16,0.159,0.435,0.217,1.079,1.028,0.936,0.941,0.899,0.856,0.923,0.953,0.883,0.897,0.801,0.815,0.748,0.835,0.845,0.84,1.308,1.057,1.052,0.94,0.907,0.951,0.657,0.635,0.7,0.734,0.49,0.541,0.501,0.56,0.58,0.511,0.07,0.597,0.889,0.732,0.766,0.72
Dewan Mawar Qaseh,0.574,0.452,0.446,0.288,0.129,0.929,1.03,0.942,0.458,0.347,0.292,1.359,1.105,0.421,0.166,0,0.222,0.177,0.585,0.894,0.1,0.474,0.376,0.423,1.034,0.706,0.77,0.789,0.39,0.486,1.216,0.257,0.594,0.374,0.237,0.128,0.346,0.265,0.305,0.578,0.245,1.183,1.131,1.032,1.049,1.003,0.956,1.011,1.04,0.967,0.977,0.885,0.901,0.84,0.948,0.955,0.946,1.398,1.136,1.121,1.005,0.963,0.997,0.665,0.606,0.589,0.577,0.331,0.38,0.344,0.4,0.424,0.347,0.149,0.484,1.002,0.567,0.891,0.746
Unit Bengkel Kenderaan UiTM Shah Alam,0.695,0.631,0.592,0.442,0.164,1.146,1.249,1.161,0.679,0.569,0.512,1.579,1.325,0.629,0.36,0.222,0,0.067,0.462,1.103,0.291,0.393,0.296,0.641,1.242,0.927,0.986,1.003,0.427,0.547,1.437,0.416,0.807,0.596,0.45,0.349,0.56,0.485,0.516,0.792,0.287,1.404,1.352,1.253,1.271,1.225,1.177,1.231,1.259,1.185,1.195,1.104,1.12,1.061,1.169,1.177,1.168,1.616,1.353,1.335,1.217,1.173,1.202,0.855,0.771,0.658,0.526,0.308,0.331,0.334,0.356,0.232,0.211,0.366,0.56,1.223,0.409,1.112,0.945
"Jabatan Pengurusan Perolehan & Aset, Pejabat Bendahari UiTM Shah Alam",0.629,0.565,0.525,0.376,0.162,1.106,1.193,1.118,0.633,0.52,0.469,1.535,1.282,0.569,0.299,0.177,0.067,0,0.523,1.042,0.232,0.445,0.345,0.586,1.21,0.876,0.928,0.944,0.366,0.486,1.384,0.402,0.771,0.549,0.393,0.301,0.503,0.433,0.457,0.734,0.223,1.357,1.305,1.208,1.222,1.177,1.131,1.188,1.217,1.143,1.154,1.062,1.077,1.016,1.119,1.128,1.12,1.574,1.313,1.298,1.181,1.139,1.172,0.832,0.759,0.676,0.573,0.344,0.374,0.367,0.398,0.299,0.27,0.313,0.575,1.173,0.474,1.058,0.918
Akademi Pengajian Bahasa,1.143,1.037,1.025,0.867,0.455,1.321,1.538,1.36,0.94,0.864,0.784,1.765,1.51,0.987,0.75,0.585,0.462,0.523,0,1.444,0.683,0.137,0.212,0.964,1.36,1.202,1.304,1.328,0.889,1.009,1.699,0.567,0.99,0.873,0.807,0.683,0.905,0.811,0.875,1.126,0.745,1.618,1.567,1.46,1.502,1.45,1.396,1.421,1.444,1.368,1.371,1.297,1.314,1.275,1.418,1.418,1.401,1.784,1.512,1.473,1.357,1.301,1.303,0.94,0.803,0.507,0.189,0.286,0.232,0.292,0.226,0.272,0.253,0.72,0.47,1.468,0.112,1.39,1.046
Pintu Seksyen 2,0.627,0.507,0.603,0.692,1.012,0.548,0.237,0.483,0.524,0.581,0.663,0.723,0.571,0.474,0.744,0.894,1.103,1.042,1.444,0,0.812,1.314,1.234,0.481,0.724,0.307,0.155,0.124,0.877,0.814,0.435,0.892,0.586,0.577,0.657,0.774,0.549,0.638,0.589,0.319,0.897,0.535,0.505,0.483,0.419,0.42,0.427,0.523,0.548,0.531,0.555,0.493,0.49,0.432,0.335,0.359,0.38,0.793,0.655,0.705,0.659,0.679,0.754,0.775,0.891,1.18,1.369,1.159,1.214,1.158,1.225,1.318,1.233,0.745,1.112,0.36,1.451,0.232,0.728
Dataran Cendekiawan,0.477,0.355,0.347,0.189,0.229,0.896,0.961,0.901,0.415,0.298,0.265,1.315,1.065,0.338,0.07,0.1,0.291,0.232,0.683,0.812,0,0.573,0.476,0.355,1.015,0.647,0.695,0.712,0.323,0.405,1.153,0.312,0.573,0.331,0.161,0.101,0.271,0.207,0.225,0.501,0.197,1.133,1.082,0.987,0.996,0.953,0.909,0.971,1.001,0.93,0.943,0.847,0.862,0.797,0.892,0.901,0.895,1.358,1.102,1.094,0.98,0.943,0.984,0.673,0.635,0.664,0.675,0.43,0.479,0.442,0.499,0.51,0.442,0.089,0.56,0.946,0.663,0.827,0.743
Kolej Anggerik,1.043,0.921,0.92,0.761,0.346,1.185,1.403,1.223,0.805,0.733,0.651,1.629,1.374,0.862,0.637,0.474,0.393,0.445,0.137,1.314,0.573,0,0.101,0.834,1.228,1.067,1.171,1.196,0.81,0.926,1.563,0.432,0.854,0.74,0.686,0.561,0.779,0.684,0.752,0.996,0.661,1.482,1.43,1.323,1.365,1.313,1.259,1.285,1.308,1.232,1.235,1.16,1.178,1.139,1.281,1.281,1.265,1.649,1.377,1.339,1.223,1.167,1.172,0.807,0.674,0.399,0.138,0.155,0.1,0.157,0.09,0.268,0.188,0.601,0.347,1.332,0.201,1.254,0.913
Makmal Fakulti Kejuruteraan Kimia,0.943,0.827,0.821,0.662,0.247,1.139,1.334,1.173,0.736,0.655,0.575,1.584,1.328,0.774,0.541,0.376,0.296,0.345,0.212,1.234,0.476,0.101,0,0.753,1.196,0.999,1.095,1.119,0.709,0.824,1.501,0.37,0.802,0.665,0.595,0.471,0.692,0.599,0.662,0.915,0.56,1.43,1.378,1.272,1.308,1.257,1.204,1.237,1.262,1.185,1.19,1.11,1.128,1.084,1.22,1.222,1.207,1.609,1.337,1.303,1.186,1.132,1.143,0.778,0.655,0.426,0.23,0.089,0.055,0.108,0.075,0.215,0.105,0.508,0.352,1.272,0.23,1.187,0.882
Kompleks Kolam Renang UiTM Shah Alam,0.466,0.24,0.342,0.312,0.534,0.579,0.608,0.569,0.137,0.106,0.189,0.973,0.731,0.088,0.295,0.423,0.641,0.586,0.964,0.481,0.355,0.834,0.753,0,0.725,0.295,0.348,0.369,0.544,0.547,0.798,0.423,0.32,0.12,0.194,0.297,0.088,0.159,0.139,0.162,0.496,0.786,0.736,0.647,0.647,0.607,0.566,0.64,0.671,0.605,0.621,0.523,0.536,0.464,0.541,0.552,0.548,1.021,0.779,0.784,0.679,0.655,0.711,0.497,0.544,0.751,0.897,0.679,0.734,0.679,0.746,0.844,0.754,0.275,0.667,0.594,0.97,0.473,0.521
Fakulti Undang-Undang,1.161,0.945,1.057,1.033,1.087,0.178,0.565,0.242,0.611,0.728,0.75,0.439,0.242,0.803,0.978,1.034,1.242,1.21,1.36,0.724,1.015,1.228,1.196,0.725,0,0.504,0.624,0.649,1.266,1.271,0.56,0.846,0.442,0.69,0.881,0.92,0.804,0.819,0.852,0.696,1.195,0.378,0.348,0.279,0.365,0.332,0.304,0.22,0.21,0.195,0.171,0.239,0.238,0.308,0.399,0.376,0.35,0.437,0.186,0.121,0.065,0.072,0.068,0.421,0.561,0.9,1.207,1.107,1.151,1.089,1.146,1.374,1.254,0.926,0.897,0.398,1.421,0.493,0.315
Masjid Al-Wathiqu Billah Tuanku Mizan Zainal Abidin,0.666,0.463,0.578,0.595,0.806,0.331,0.336,0.298,0.263,0.36,0.428,0.682,0.45,0.345,0.589,0.706,0.927,0.876,1.202,0.307,0.647,1.067,0.999,0.295,0.504,0,0.156,0.188,0.821,0.801,0.51,0.636,0.28,0.339,0.487,0.578,0.382,0.443,0.433,0.201,0.788,0.493,0.443,0.361,0.353,0.315,0.28,0.365,0.396,0.342,0.362,0.27,0.276,0.2,0.246,0.257,0.255,0.735,0.51,0.531,0.445,0.442,0.512,0.469,0.585,0.887,1.105,0.917,0.971,0.91,0.977,1.117,1.017,0.563,0.828,0.3,1.225,0.188,0.429
Parking Canseleri,0.601,0.434,0.543,0.602,0.882,0.446,0.272,0.393,0.373,0.44,0.52,0.713,0.516,0.361,0.63,0.77,0.986,0.928,1.304,0.155,0.695,1.171,1.095,0.348,0.624,0.156,0,0.032,0.809,0.766,0.475,0.746,0.432,0.432,0.536,0.645,0.425,0.507,0.471,0.195,0.805,0.518,0.477,0.423,0.383,0.364,0.351,0.448,0.476,0.441,0.464,0.385,0.386,0.317,0.277,0.298,0.31,0.776,0.591,0.627,0.561,0.57,0.643,0.624,0.736,1.025,1.222,1.018,1.073,1.015,1.082,1.192,1.101,0.621,0.959,0.32,1.316,0.173,0.584
Canseleri Tuanku Syed Sirajuddin,0.595,0.438,0.545,0.611,0.903,0.47,0.265,0.415,0.401,0.464,0.545,0.72,0.531,0.376,0.646,0.789,1.003,0.944,1.328,0.124,0.712,1.196,1.119,0.369,0.649,0.188,0.032,0,0.814,0.765,0.47,0.772,0.464,0.457,0.553,0.665,0.444,0.528,0.488,0.211,0.815,0.526,0.486,0.439,0.393,0.378,0.369,0.467,0.495,0.463,0.487,0.411,0.411,0.344,0.29,0.312,0.327,0.785,0.609,0.648,0.585,0.596,0.67,0.657,0.768,1.056,1.249,1.042,1.097,1.04,1.107,1.212,1.123,0.64,0.988,0.331,1.339,0.183,0.616
Kompleks Kejuruteraan Elektrikal,0.311,0.376,0.275,0.233,0.484,1.123,1.079,1.11,0.657,0.545,0.55,1.502,1.269,0.477,0.317,0.39,0.427,0.366,0.889,0.877,0.323,0.81,0.709,0.544,1.266,0.821,0.809,0.814,0,0.124,1.283,0.634,0.838,0.584,0.395,0.417,0.462,0.46,0.415,0.63,0.151,1.31,1.262,1.181,1.169,1.135,1.101,1.18,1.211,1.148,1.165,1.067,1.079,1.006,1.06,1.075,1.076,1.556,1.322,1.328,1.222,1.195,1.246,0.972,0.951,0.979,0.934,0.693,0.731,0.713,0.755,0.646,0.636,0.386,0.874,1.111,0.831,0.972,1.028
Fakulti Kejuruteraan Kimia,0.207,0.338,0.224,0.26,0.592,1.118,1.029,1.097,0.673,0.571,0.593,1.473,1.25,0.468,0.379,0.486,0.547,0.486,1.009,0.814,0.405,0.926,0.824,0.547,1.271,0.801,0.766,0.765,0.124,0,1.235,0.714,0.859,0.611,0.435,0.487,0.476,0.498,0.435,0.602,0.264,1.278,1.233,1.16,1.139,1.11,1.08,1.165,1.196,1.137,1.156,1.059,1.069,0.994,1.029,1.046,1.051,1.531,1.31,1.323,1.222,1.201,1.258,1.011,1.008,1.069,1.046,0.803,0.844,0.821,0.867,0.769,0.756,0.449,0.965,1.079,0.954,0.935,1.056
Hotel UiTM Shah Alam,1.056,0.908,1.015,1.075,1.316,0.451,0.206,0.382,0.77,0.87,0.938,0.324,0.32,0.83,1.091,1.216,1.437,1.384,1.699,0.435,1.153,1.563,1.501,0.798,0.56,0.51,0.475,0.47,1.283,1.235,0,1.133,0.718,0.848,0.992,1.088,0.883,0.952,0.932,0.663,1.277,0.196,0.213,0.294,0.218,0.27,0.324,0.355,0.353,0.403,0.417,0.44,0.424,0.436,0.282,0.284,0.304,0.4,0.398,0.472,0.506,0.559,0.62,0.84,0.987,1.327,1.585,1.416,1.469,1.407,1.473,1.627,1.525,1.071,1.289,0.234,1.729,0.326,0.749
Kompleks Sukan UiTM Shah Alam,0.753,0.572,0.613,0.472,0.253,0.774,0.972,0.805,0.375,0.317,0.234,1.218,0.962,0.471,0.339,0.257,0.416,0.402,0.567,0.892,0.312,0.432,0.37,0.423,0.846,0.636,0.746,0.772,0.634,0.714,1.133,0,0.434,0.316,0.327,0.23,0.388,0.296,0.379,0.581,0.498,1.061,1.009,0.903,0.939,0.888,0.835,0.869,0.895,0.819,0.824,0.743,0.76,0.714,0.852,0.853,0.837,1.246,0.975,0.947,0.829,0.779,0.799,0.442,0.357,0.363,0.477,0.283,0.336,0.275,0.342,0.528,0.411,0.272,0.264,0.903,0.6,0.823,0.538
Kolej Perindu,0.786,0.56,0.662,0.608,0.657,0.342,0.585,0.371,0.187,0.294,0.308,0.785,0.528,0.408,0.539,0.594,0.807,0.771,0.99,0.586,0.573,0.854,0.802,0.32,0.442,0.28,0.432,0.464,0.838,0.859,0.718,0.434,0,0.254,0.446,0.478,0.384,0.382,0.427,0.37,0.757,0.629,0.577,0.47,0.513,0.46,0.406,0.436,0.462,0.386,0.392,0.309,0.326,0.286,0.437,0.434,0.415,0.815,0.547,0.528,0.411,0.371,0.412,0.199,0.305,0.619,0.868,0.714,0.764,0.701,0.765,0.957,0.843,0.485,0.572,0.484,1.032,0.437,0.201
Pusat Kokurikulum,0.562,0.34,0.428,0.355,0.467,0.564,0.672,0.571,0.084,0.04,0.09,0.986,0.735,0.196,0.289,0.374,0.596,0.549,0.873,0.577,0.331,0.74,0.665,0.12,0.69,0.339,0.432,0.457,0.584,0.611,0.848,0.316,0.254,0,0.192,0.248,0.141,0.129,0.176,0.266,0.506,0.809,0.757,0.659,0.675,0.629,0.582,0.641,0.671,0.599,0.611,0.516,0.531,0.468,0.575,0.582,0.572,1.028,0.771,0.764,0.651,0.618,0.664,0.404,0.432,0.632,0.793,0.586,0.641,0.583,0.651,0.779,0.679,0.243,0.551,0.629,0.889,0.527,0.446
Ibu Pejabat Polis Bantuan UiTM,0.431,0.247,0.29,0.174,0.359,0.751,0.8,0.75,0.271,0.153,0.159,1.16,0.913,0.183,0.102,0.237,0.45,0.393,0.807,0.657,0.161,0.686,0.595,0.194,0.881,0.487,0.536,0.553,0.395,0.435,0.992,0.327,0.446,0.192,0,0.124,0.11,0.065,0.068,0.342,0.315,0.976,0.926,0.833,0.839,0.797,0.754,0.821,0.851,0.782,0.796,0.699,0.713,0.646,0.733,0.743,0.738,1.206,0.956,0.953,0.842,0.81,0.856,0.579,0.575,0.689,0.769,0.533,0.587,0.538,0.602,0.661,0.58,0.089,0.591,0.787,0.8,0.667,0.633
Kolej Teratai 2,0.527,0.365,0.388,0.242,0.239,0.807,0.903,0.817,0.332,0.22,0.171,1.234,0.981,0.305,0.108,0.128,0.349,0.301,0.683,0.774,0.101,0.561,0.471,0.297,0.92,0.578,0.645,0.665,0.417,0.487,1.088,0.23,0.478,0.248,0.124,0,0.225,0.138,0.192,0.455,0.297,1.056,1.005,0.907,0.922,0.876,0.829,0.887,0.917,0.844,0.855,0.762,0.777,0.715,0.82,0.828,0.819,1.274,1.015,1.003,0.888,0.849,0.887,0.572,0.536,0.592,0.647,0.409,0.462,0.415,0.479,0.547,0.46,0.044,0.491,0.874,0.679,0.764,0.644
Kolej Teratai,0.421,0.203,0.287,0.23,0.464,0.663,0.691,0.655,0.197,0.105,0.167,1.06,0.817,0.084,0.208,0.346,0.56,0.503,0.905,0.549,0.271,0.779,0.692,0.088,0.804,0.382,0.425,0.444,0.462,0.476,0.883,0.388,0.384,0.141,0.11,0.225,0,0.095,0.051,0.232,0.408,0.874,0.824,0.734,0.735,0.695,0.654,0.726,0.757,0.69,0.706,0.608,0.621,0.55,0.628,0.639,0.635,1.109,0.865,0.867,0.76,0.733,0.786,0.544,0.569,0.737,0.852,0.624,0.679,0.627,0.693,0.769,0.685,0.196,0.646,0.682,0.904,0.558,0.581
Kolej Teratai 3,0.481,0.279,0.34,0.238,0.376,0.692,0.765,0.695,0.211,0.093,0.097,1.108,0.859,0.179,0.16,0.265,0.485,0.433,0.811,0.638,0.207,0.684,0.599,0.159,0.819,0.443,0.507,0.528,0.46,0.498,0.952,0.296,0.382,0.129,0.065,0.138,0.095,0,0.085,0.319,0.376,0.927,0.876,0.781,0.791,0.747,0.702,0.766,0.796,0.725,0.739,0.643,0.657,0.591,0.687,0.696,0.689,1.152,0.898,0.893,0.781,0.747,0.793,0.514,0.515,0.651,0.757,0.529,0.584,0.532,0.598,0.685,0.595,0.12,0.557,0.741,0.813,0.627,0.568
Kolej Delima 2 (PB),0.399,0.194,0.26,0.182,0.428,0.713,0.738,0.706,0.242,0.137,0.177,1.112,0.868,0.115,0.159,0.305,0.516,0.457,0.875,0.589,0.225,0.752,0.662,0.139,0.852,0.433,0.471,0.488,0.415,0.435,0.932,0.379,0.427,0.176,0.068,0.192,0.051,0.085,0,0.277,0.357,0.925,0.875,0.785,0.786,0.746,0.705,0.777,0.808,0.741,0.756,0.659,0.672,0.601,0.679,0.69,0.687,1.16,0.915,0.917,0.809,0.781,0.832,0.578,0.592,0.736,0.832,0.598,0.653,0.603,0.668,0.729,0.649,0.157,0.641,0.733,0.869,0.608,0.621
UiTM Facilities Center,0.467,0.264,0.379,0.413,0.694,0.529,0.465,0.499,0.235,0.264,0.348,0.873,0.649,0.167,0.435,0.578,0.792,0.734,1.126,0.319,0.501,0.996,0.915,0.162,0.696,0.201,0.195,0.211,0.63,0.602,0.663,0.581,0.37,0.266,0.342,0.455,0.232,0.319,0.277,0,0.614,0.68,0.633,0.558,0.54,0.508,0.478,0.565,0.597,0.542,0.562,0.468,0.476,0.4,0.43,0.446,0.449,0.929,0.711,0.73,0.64,0.631,0.697,0.568,0.647,0.893,1.057,0.841,0.897,0.841,0.908,1.001,0.914,0.429,0.815,0.481,1.131,0.344,0.561
Faculty of Civil Engineering,0.412,0.393,0.326,0.205,0.333,1.065,1.077,1.063,0.586,0.468,0.452,1.468,1.225,0.448,0.217,0.245,0.287,0.223,0.745,0.897,0.197,0.661,0.56,0.496,1.195,0.788,0.805,0.815,0.151,0.264,1.277,0.498,0.757,0.506,0.315,0.297,0.408,0.376,0.357,0.614,0,1.281,1.231,1.142,1.141,1.102,1.062,1.133,1.164,1.096,1.11,1.013,1.027,0.958,1.033,1.045,1.043,1.517,1.27,1.268,1.157,1.124,1.168,0.868,0.831,0.833,0.783,0.542,0.581,0.561,0.605,0.515,0.492,0.276,0.728,1.086,0.695,0.956,0.935
Dewan Sri Budiman,1.119,0.941,1.055,1.087,1.269,0.309,0.305,0.259,0.725,0.838,0.893,0.195,0.137,0.836,1.079,1.183,1.404,1.357,1.618,0.535,1.133,1.482,1.43,0.786,0.378,0.493,0.518,0.526,1.31,1.278,0.196,1.061,0.629,0.809,0.976,1.056,0.874,0.927,0.925,0.68,1.281,0,0.052,0.159,0.14,0.18,0.228,0.204,0.189,0.258,0.264,0.322,0.304,0.348,0.25,0.236,0.239,0.26,0.205,0.28,0.332,0.39,0.443,0.713,0.863,1.209,1.489,1.342,1.393,1.33,1.394,1.577,1.467,1.047,1.183,0.2,1.66,0.346,0.612
Dewan Annexe,1.077,0.896,1.009,1.038,1.216,0.262,0.283,0.208,0.673,0.786,0.841,0.24,0.107,0.788,1.028,1.131,1.352,1.305,1.567,0.505,1.082,1.43,1.378,0.736,0.348,0.443,0.477,0.486,1.262,1.233,0.213,1.009,0.577,0.757,0.926,1.005,0.824,0.876,0.875,0.633,1.231,0.052,0,0.107,0.094,0.129,0.176,0.157,0.147,0.211,0.219,0.271,0.254,0.295,0.204,0.187,0.188,0.299,0.189,0.261,0.296,0.352,0.409,0.665,0.815,1.161,1.438,1.29,1.341,1.278,1.342,1.524,1.415,0.996,1.133,0.156,1.608,0.304,0.566
Menara Sultan Abdul Aziz Shah,1.015,0.822,0.937,0.954,1.114,0.159,0.292,0.1,0.575,0.69,0.741,0.328,0.093,0.705,0.936,1.032,1.253,1.208,1.46,0.483,0.987,1.323,1.272,0.647,0.279,0.361,0.423,0.439,1.181,1.16,0.294,0.903,0.47,0.659,0.833,0.907,0.734,0.781,0.785,0.558,1.142,0.159,0.107,0,0.086,0.063,0.081,0.061,0.071,0.109,0.123,0.164,0.146,0.192,0.15,0.127,0.113,0.375,0.173,0.226,0.219,0.267,0.332,0.56,0.709,1.054,1.331,1.184,1.234,1.172,1.236,1.421,1.31,0.9,1.026,0.127,1.502,0.258,0.462
Bahagian Pembangunan Organisasi,0.983,0.802,0.915,0.947,1.138,0.235,0.211,0.164,0.592,0.702,0.761,0.333,0.156,0.696,0.941,1.049,1.271,1.222,1.502,0.419,0.996,1.365,1.308,0.647,0.365,0.353,0.383,0.393,1.169,1.139,0.218,0.939,0.513,0.675,0.839,0.922,0.735,0.791,0.786,0.54,1.141,0.14,0.094,0.086,0,0.053,0.109,0.147,0.156,0.189,0.206,0.223,0.206,0.227,0.11,0.096,0.103,0.393,0.244,0.306,0.305,0.351,0.418,0.623,0.771,1.113,1.38,1.222,1.274,1.211,1.276,1.448,1.341,0.911,1.079,0.062,1.538,0.21,0.531
Jabatan Sain Ukur dan Geomatik,0.96,0.772,0.886,0.911,1.09,0.187,0.234,0.114,0.546,0.658,0.714,0.367,0.154,0.66,0.899,1.003,1.225,1.177,1.45,0.42,0.953,1.313,1.257,0.607,0.332,0.315,0.364,0.378,1.135,1.11,0.27,0.888,0.46,0.629,0.797,0.876,0.695,0.747,0.746,0.508,1.102,0.18,0.129,0.063,0.053,0,0.055,0.112,0.131,0.145,0.165,0.17,0.154,0.174,0.088,0.066,0.06,0.421,0.236,0.288,0.268,0.31,0.38,0.57,0.718,1.06,1.327,1.171,1.222,1.16,1.225,1.399,1.291,0.867,1.026,0.067,1.488,0.196,0.479
DKB,0.937,0.742,0.857,0.873,1.041,0.143,0.267,0.068,0.498,0.612,0.665,0.407,0.171,0.624,0.856,0.956,1.177,1.131,1.396,0.427,0.909,1.259,1.204,0.566,0.304,0.28,0.351,0.369,1.101,1.08,0.324,0.835,0.406,0.582,0.754,0.829,0.654,0.702,0.705,0.478,1.062,0.228,0.176,0.081,0.109,0.055,0,0.098,0.126,0.109,0.132,0.117,0.101,0.121,0.095,0.072,0.047,0.455,0.241,0.28,0.239,0.272,0.345,0.516,0.663,1.005,1.272,1.117,1.168,1.106,1.171,1.349,1.239,0.821,0.971,0.104,1.435,0.195,0.425
Block A Faculty of Applied Science,1.028,0.828,0.943,0.95,1.088,0.105,0.347,0.071,0.557,0.674,0.719,0.35,0.094,0.703,0.923,1.011,1.231,1.188,1.421,0.523,0.971,1.285,1.237,0.64,0.22,0.365,0.448,0.467,1.18,1.165,0.355,0.869,0.436,0.641,0.821,0.887,0.726,0.766,0.777,0.565,1.133,0.204,0.157,0.061,0.147,0.112,0.098,0,0.031,0.054,0.063,0.128,0.111,0.176,0.189,0.165,0.143,0.387,0.146,0.182,0.158,0.205,0.272,0.509,0.659,1.005,1.287,1.148,1.198,1.135,1.198,1.392,1.279,0.883,0.981,0.179,1.467,0.293,0.409
Block A Faculty Of Applied Sciences,1.059,0.859,0.974,0.981,1.116,0.124,0.363,0.101,0.586,0.704,0.748,0.323,0.067,0.735,0.953,1.04,1.259,1.217,1.444,0.548,1.001,1.308,1.262,0.671,0.21,0.396,0.476,0.495,1.211,1.196,0.353,0.895,0.462,0.671,0.851,0.917,0.757,0.796,0.808,0.597,1.164,0.189,0.147,0.071,0.156,0.131,0.126,0.031,0,0.076,0.076,0.156,0.14,0.207,0.213,0.189,0.169,0.357,0.116,0.158,0.153,0.206,0.267,0.526,0.676,1.023,1.308,1.173,1.222,1.159,1.222,1.419,1.305,0.913,1.001,0.197,1.491,0.319,0.424
DK Beta,1.008,0.802,0.917,0.917,1.04,0.051,0.374,0.049,0.515,0.633,0.675,0.399,0.143,0.672,0.883,0.967,1.185,1.143,1.368,0.531,0.93,1.232,1.185,0.605,0.195,0.342,0.441,0.463,1.148,1.137,0.403,0.819,0.386,0.599,0.782,0.844,0.69,0.725,0.741,0.542,1.096,0.258,0.211,0.109,0.189,0.145,0.109,0.054,0.076,0,0.024,0.083,0.069,0.143,0.204,0.182,0.156,0.432,0.174,0.19,0.13,0.165,0.237,0.455,0.605,0.951,1.234,1.097,1.146,1.083,1.146,1.343,1.229,0.841,0.927,0.208,1.415,0.299,0.355
DK Alfa,1.029,0.822,0.936,0.933,1.049,0.05,0.396,0.072,0.528,0.646,0.686,0.395,0.14,0.69,0.897,0.977,1.195,1.154,1.371,0.555,0.943,1.235,1.19,0.621,0.171,0.362,0.464,0.487,1.165,1.156,0.417,0.824,0.392,0.611,0.796,0.855,0.706,0.739,0.756,0.562,1.11,0.264,0.219,0.123,0.206,0.165,0.132,0.063,0.076,0.024,0,0.098,0.087,0.163,0.227,0.205,0.179,0.423,0.16,0.168,0.106,0.145,0.215,0.451,0.601,0.947,1.233,1.101,1.149,1.087,1.149,1.35,1.235,0.854,0.926,0.229,1.419,0.323,0.349
DK Delta,0.934,0.725,0.84,0.835,0.96,0.062,0.371,0.064,0.432,0.55,0.593,0.478,0.221,0.593,0.801,0.885,1.104,1.062,1.297,0.493,0.847,1.16,1.11,0.523,0.239,0.27,0.385,0.411,1.067,1.059,0.44,0.743,0.309,0.516,0.699,0.762,0.608,0.643,0.659,0.468,1.013,0.322,0.271,0.164,0.223,0.17,0.117,0.128,0.156,0.083,0.098,0,0.018,0.07,0.194,0.177,0.15,0.513,0.257,0.264,0.177,0.187,0.261,0.401,0.549,0.892,1.167,1.022,1.072,1.009,1.073,1.264,1.151,0.759,0.862,0.219,1.34,0.266,0.309
DK Gamma & DK Bestari,0.942,0.735,0.849,0.848,0.977,0.059,0.36,0.046,0.447,0.565,0.608,0.461,0.205,0.604,0.815,0.901,1.12,1.077,1.314,0.49,0.862,1.178,1.128,0.536,0.238,0.276,0.386,0.411,1.079,1.069,0.424,0.76,0.326,0.531,0.713,0.777,0.621,0.657,0.672,0.476,1.027,0.304,0.254,0.146,0.206,0.154,0.101,0.111,0.14,0.069,0.087,0.018,0,0.076,0.183,0.165,0.137,0.497,0.243,0.255,0.174,0.19,0.265,0.418,0.566,0.91,1.184,1.04,1.09,1.027,1.09,1.281,1.169,0.774,0.88,0.205,1.358,0.26,0.325
Block F Faculty Of Applied Sciences,0.866,0.659,0.774,0.775,0.922,0.132,0.335,0.105,0.383,0.499,0.549,0.519,0.268,0.53,0.748,0.84,1.061,1.016,1.275,0.432,0.797,1.139,1.084,0.464,0.308,0.2,0.317,0.344,1.006,0.994,0.436,0.714,0.286,0.468,0.646,0.715,0.55,0.591,0.601,0.4,0.958,0.348,0.295,0.192,0.227,0.174,0.121,0.176,0.207,0.143,0.163,0.07,0.076,0,0.164,0.154,0.131,0.561,0.316,0.331,0.247,0.252,0.326,0.411,0.554,0.892,1.153,0.997,1.048,0.985,1.05,1.229,1.119,0.709,0.854,0.203,1.314,0.212,0.331
irmi,0.875,0.692,0.805,0.838,1.041,0.233,0.177,0.16,0.494,0.601,0.663,0.443,0.242,0.587,0.835,0.948,1.169,1.119,1.418,0.335,0.892,1.281,1.22,0.541,0.399,0.246,0.277,0.29,1.06,1.029,0.282,0.852,0.437,0.575,0.733,0.82,0.628,0.687,0.679,0.43,1.033,0.25,0.204,0.15,0.11,0.088,0.095,0.189,0.213,0.204,0.227,0.194,0.183,0.164,0,0.024,0.049,0.502,0.322,0.37,0.334,0.365,0.439,0.574,0.717,1.051,1.304,1.135,1.188,1.126,1.192,1.353,1.248,0.807,1.009,0.054,1.45,0.108,0.493
Malaysian Institut Transport,0.894,0.709,0.823,0.852,1.047,0.213,0.196,0.139,0.5,0.608,0.669,0.427,0.219,0.601,0.845,0.955,1.177,1.128,1.418,0.359,0.901,1.281,1.222,0.552,0.376,0.257,0.298,0.312,1.075,1.046,0.284,0.853,0.434,0.582,0.743,0.828,0.639,0.696,0.69,0.446,1.045,0.236,0.187,0.127,0.096,0.066,0.072,0.165,0.189,0.182,0.205,0.177,0.165,0.154,0.024,0,0.028,0.484,0.299,0.346,0.311,0.344,0.417,0.564,0.709,1.045,1.301,1.136,1.189,1.127,1.192,1.357,1.251,0.816,1.005,0.05,1.452,0.131,0.48
MITRAN,0.903,0.712,0.827,0.851,1.035,0.185,0.224,0.111,0.489,0.6,0.658,0.427,0.206,0.6,0.84,0.946,1.168,1.12,1.401,0.38,0.895,1.265,1.207,0.548,0.35,0.255,0.31,0.327,1.076,1.051,0.304,0.837,0.415,0.572,0.738,0.819,0.635,0.689,0.687,0.449,1.043,0.239,0.188,0.113,0.103,0.06,0.047,0.143,0.169,0.156,0.179,0.15,0.137,0.131,0.049,0.028,0,0.48,0.282,0.325,0.285,0.317,0.39,0.54,0.685,1.023,1.282,1.121,1.173,1.11,1.176,1.345,1.238,0.809,0.984,0.072,1.437,0.15,0.454
National Design Centre,1.377,1.193,1.307,1.329,1.472,0.473,0.559,0.457,0.943,1.06,1.106,0.076,0.293,1.079,1.308,1.398,1.616,1.574,1.784,0.793,1.358,1.649,1.609,1.021,0.437,0.735,0.776,0.785,1.556,1.531,0.4,1.246,0.815,1.028,1.206,1.274,1.109,1.152,1.16,0.929,1.517,0.26,0.299,0.375,0.393,0.421,0.455,0.387,0.357,0.432,0.423,0.513,0.497,0.561,0.502,0.484,0.48,0,0.272,0.317,0.428,0.487,0.503,0.848,0.993,1.336,1.638,1.52,1.567,1.505,1.565,1.772,1.657,1.27,1.328,0.455,1.837,0.603,0.741
Budisiswa,1.174,0.973,1.088,1.091,1.205,0.207,0.455,0.213,0.687,0.806,0.845,0.259,0.088,0.846,1.057,1.136,1.353,1.313,1.512,0.655,1.102,1.377,1.337,0.779,0.186,0.51,0.591,0.609,1.322,1.31,0.398,0.975,0.547,0.771,0.956,1.015,0.865,0.898,0.915,0.711,1.27,0.205,0.189,0.173,0.244,0.236,0.241,0.146,0.116,0.174,0.16,0.257,0.243,0.316,0.322,0.299,0.282,0.272,0,0.075,0.16,0.221,0.253,0.578,0.725,1.069,1.368,1.248,1.295,1.233,1.293,1.503,1.387,1.014,1.058,0.297,1.565,0.43,0.471
Bangunan HEP,1.197,0.989,1.104,1.095,1.183,0.205,0.516,0.236,0.682,0.8,0.832,0.318,0.155,0.855,1.052,1.121,1.335,1.298,1.473,0.705,1.094,1.339,1.303,0.784,0.121,0.531,0.627,0.648,1.328,1.323,0.472,0.947,0.528,0.764,0.953,1.003,0.867,0.893,0.917,0.73,1.268,0.28,0.261,0.226,0.306,0.288,0.28,0.182,0.158,0.19,0.168,0.264,0.255,0.331,0.37,0.346,0.325,0.317,0.075,0,0.118,0.172,0.188,0.534,0.677,1.019,1.323,1.214,1.26,1.198,1.256,1.476,1.358,1.005,1.013,0.353,1.53,0.475,0.427
Faculty of Business,1.106,0.893,1.006,0.989,1.065,0.115,0.502,0.176,0.571,0.689,0.717,0.419,0.195,0.754,0.94,1.005,1.217,1.181,1.357,0.659,0.98,1.223,1.186,0.679,0.065,0.445,0.561,0.585,1.222,1.222,0.506,0.829,0.411,0.651,0.842,0.888,0.76,0.781,0.809,0.64,1.157,0.332,0.296,0.219,0.305,0.268,0.239,0.158,0.153,0.13,0.106,0.177,0.174,0.247,0.334,0.311,0.285,0.428,0.16,0.118,0,0.061,0.114,0.42,0.566,0.91,1.21,1.097,1.142,1.08,1.139,1.357,1.239,0.891,0.9,0.334,1.413,0.427,0.312
"Instititut Leadership, Quality",1.094,0.876,0.989,0.962,1.018,0.133,0.539,0.205,0.54,0.656,0.679,0.48,0.254,0.734,0.907,0.963,1.173,1.139,1.301,0.679,0.943,1.167,1.132,0.655,0.072,0.442,0.57,0.596,1.195,1.201,0.559,0.779,0.371,0.618,0.81,0.849,0.733,0.747,0.781,0.631,1.124,0.39,0.352,0.267,0.351,0.31,0.272,0.205,0.206,0.165,0.145,0.187,0.19,0.252,0.365,0.344,0.317,0.487,0.221,0.172,0.061,0,0.075,0.362,0.506,0.85,1.151,1.043,1.088,1.026,1.084,1.307,1.188,0.855,0.841,0.373,1.359,0.45,0.255
Ayub Arshad Graduate Business School,1.157,0.937,1.048,1.014,1.044,0.207,0.611,0.279,0.59,0.703,0.719,0.507,0.306,0.792,0.951,0.997,1.202,1.172,1.303,0.754,0.984,1.172,1.143,0.711,0.068,0.512,0.643,0.67,1.246,1.258,0.62,0.799,0.412,0.664,0.856,0.887,0.786,0.793,0.832,0.697,1.168,0.443,0.409,0.332,0.418,0.38,0.345,0.272,0.267,0.237,0.215,0.261,0.265,0.326,0.439,0.417,0.39,0.503,0.253,0.188,0.114,0.075,0,0.366,0.501,0.837,1.147,1.054,1.097,1.036,1.091,1.325,1.205,0.896,0.838,0.445,1.366,0.525,0.262
Gym Sport Recreation,0.962,0.736,0.831,0.751,0.693,0.404,0.741,0.462,0.361,0.442,0.422,0.835,0.589,0.585,0.657,0.665,0.855,0.832,0.94,0.775,0.673,0.807,0.778,0.497,0.421,0.469,0.624,0.657,0.972,1.011,0.84,0.442,0.199,0.404,0.579,0.572,0.544,0.514,0.578,0.568,0.868,0.713,0.665,0.56,0.623,0.57,0.516,0.509,0.526,0.455,0.451,0.401,0.418,0.411,0.574,0.564,0.54,0.848,0.578,0.534,0.42,0.362,0.366,0,0.15,0.496,0.79,0.689,0.731,0.67,0.726,0.963,0.841,0.592,0.48,0.612,1.001,0.601,0.107
Dewan Agung Tuanku Canselor,0.99,0.771,0.852,0.748,0.608,0.554,0.879,0.611,0.418,0.464,0.418,0.983,0.739,0.627,0.635,0.606,0.771,0.759,0.803,0.891,0.635,0.674,0.655,0.544,0.561,0.585,0.736,0.768,0.951,1.008,0.987,0.357,0.305,0.432,0.575,0.536,0.569,0.515,0.592,0.647,0.831,0.863,0.815,0.709,0.771,0.718,0.663,0.659,0.676,0.605,0.601,0.549,0.566,0.554,0.717,0.709,0.685,0.993,0.725,0.677,0.566,0.506,0.501,0.15,0,0.346,0.646,0.568,0.605,0.547,0.597,0.851,0.728,0.566,0.337,0.757,0.872,0.735,0.254
MTDC,1.117,0.93,0.976,0.835,0.517,0.9,1.204,0.955,0.661,0.648,0.571,1.328,1.086,0.815,0.7,0.589,0.658,0.676,0.507,1.18,0.664,0.399,0.426,0.751,0.9,0.887,1.025,1.056,0.979,1.069,1.327,0.363,0.619,0.632,0.689,0.592,0.737,0.651,0.736,0.893,0.833,1.209,1.161,1.054,1.113,1.06,1.005,1.005,1.023,0.951,0.947,0.892,0.91,0.892,1.051,1.045,1.023,1.336,1.069,1.019,0.91,0.85,0.837,0.496,0.346,0,0.326,0.363,0.372,0.336,0.353,0.641,0.526,0.635,0.105,1.095,0.598,1.056,0.6
Surau FSPU,1.151,1.012,1.022,0.864,0.456,1.184,1.438,1.23,0.849,0.793,0.709,1.624,1.374,0.936,0.734,0.577,0.526,0.573,0.189,1.369,0.675,0.138,0.23,0.897,1.207,1.105,1.222,1.249,0.934,1.046,1.585,0.477,0.868,0.793,0.769,0.647,0.852,0.757,0.832,1.057,0.783,1.489,1.438,1.331,1.38,1.327,1.272,1.287,1.308,1.234,1.233,1.167,1.184,1.153,1.304,1.301,1.282,1.638,1.368,1.323,1.21,1.151,1.147,0.79,0.646,0.326,0,0.246,0.203,0.234,0.179,0.402,0.325,0.689,0.31,1.352,0.294,1.288,0.897
AB1,0.905,0.772,0.777,0.619,0.211,1.051,1.252,1.085,0.654,0.579,0.498,1.496,1.24,0.708,0.49,0.331,0.308,0.344,0.286,1.159,0.43,0.155,0.089,0.679,1.107,0.917,1.018,1.042,0.693,0.803,1.416,0.283,0.714,0.586,0.533,0.409,0.624,0.529,0.598,0.841,0.542,1.342,1.29,1.184,1.222,1.171,1.117,1.148,1.173,1.097,1.101,1.022,1.04,0.997,1.135,1.136,1.121,1.52,1.248,1.214,1.097,1.043,1.054,0.689,0.568,0.363,0.246,0,0.055,0.027,0.07,0.289,0.167,0.449,0.278,1.186,0.318,1.104,0.793
AB3,0.952,0.824,0.826,0.667,0.255,1.099,1.307,1.135,0.708,0.634,0.553,1.544,1.288,0.762,0.541,0.38,0.331,0.374,0.232,1.214,0.479,0.1,0.055,0.734,1.151,0.971,1.073,1.097,0.731,0.844,1.469,0.336,0.764,0.641,0.587,0.462,0.679,0.584,0.653,0.897,0.581,1.393,1.341,1.234,1.274,1.222,1.168,1.198,1.222,1.146,1.149,1.072,1.09,1.048,1.188,1.189,1.173,1.567,1.295,1.26,1.142,1.088,1.097,0.731,0.605,0.372,0.203,0.055,0,0.063,0.025,0.269,0.156,0.502,0.298,1.239,0.271,1.158,0.836
AB2,0.918,0.779,0.788,0.631,0.229,1.037,1.246,1.072,0.648,0.577,0.495,1.481,1.226,0.711,0.501,0.344,0.334,0.367,0.292,1.158,0.442,0.157,0.108,0.679,1.089,0.91,1.015,1.04,0.713,0.821,1.407,0.275,0.701,0.583,0.538,0.415,0.627,0.532,0.603,0.841,0.561,1.33,1.278,1.172,1.211,1.16,1.106,1.135,1.159,1.083,1.087,1.009,1.027,0.985,1.126,1.127,1.11,1.505,1.233,1.198,1.08,1.026,1.036,0.67,0.547,0.336,0.234,0.027,0.063,0,0.068,0.314,0.193,0.457,0.252,1.177,0.333,1.097,0.775
Kafeteria Kolej Anggerik,0.973,0.842,0.846,0.688,0.277,1.098,1.313,1.136,0.716,0.645,0.563,1.543,1.288,0.776,0.56,0.4,0.356,0.398,0.226,1.225,0.499,0.09,0.075,0.746,1.146,0.977,1.082,1.107,0.755,0.867,1.473,0.342,0.765,0.651,0.602,0.479,0.693,0.598,0.668,0.908,0.605,1.394,1.342,1.236,1.276,1.225,1.171,1.198,1.222,1.146,1.149,1.073,1.09,1.05,1.192,1.192,1.176,1.565,1.293,1.256,1.139,1.084,1.091,0.726,0.597,0.353,0.179,0.07,0.025,0.068,0,0.289,0.179,0.519,0.283,1.242,0.275,1.164,0.832
Mamakteria Cafe,0.925,0.859,0.824,0.673,0.312,1.299,1.448,1.325,0.859,0.759,0.69,1.742,1.485,0.844,0.58,0.424,0.232,0.299,0.272,1.318,0.51,0.268,0.215,0.844,1.374,1.117,1.192,1.212,0.646,0.769,1.627,0.528,0.957,0.779,0.661,0.547,0.769,0.685,0.729,1.001,0.515,1.577,1.524,1.421,1.448,1.399,1.349,1.392,1.419,1.343,1.35,1.264,1.281,1.229,1.353,1.357,1.345,1.772,1.503,1.476,1.357,1.307,1.325,0.963,0.851,0.641,0.402,0.289,0.269,0.314,0.289,0,0.123,0.573,0.565,1.406,0.189,1.305,1.063
Pusat Kesihatan UiTM Shah Alam,0.891,0.797,0.777,0.62,0.221,1.185,1.35,1.213,0.755,0.663,0.589,1.628,1.372,0.763,0.511,0.347,0.211,0.27,0.253,1.233,0.442,0.188,0.105,0.754,1.254,1.017,1.101,1.123,0.636,0.756,1.525,0.411,0.843,0.679,0.58,0.46,0.685,0.595,0.649,0.914,0.492,1.467,1.415,1.31,1.341,1.291,1.239,1.279,1.305,1.229,1.235,1.151,1.169,1.119,1.248,1.251,1.238,1.657,1.387,1.358,1.239,1.188,1.205,0.841,0.728,0.526,0.325,0.167,0.156,0.193,0.179,0.123,0,0.492,0.445,1.3,0.221,1.205,0.942
Non Resident Office,0.483,0.323,0.345,0.2,0.271,0.807,0.883,0.813,0.327,0.21,0.177,1.227,0.977,0.272,0.07,0.149,0.366,0.313,0.72,0.745,0.089,0.601,0.508,0.275,0.926,0.563,0.621,0.64,0.386,0.449,1.071,0.272,0.485,0.243,0.089,0.044,0.196,0.12,0.157,0.429,0.276,1.047,0.996,0.9,0.911,0.867,0.821,0.883,0.913,0.841,0.854,0.759,0.774,0.709,0.807,0.816,0.809,1.27,1.014,1.005,0.891,0.855,0.896,0.592,0.566,0.635,0.689,0.449,0.502,0.457,0.519,0.573,0.492,0,0.534,0.861,0.712,0.746,0.659
Security Office,1.017,0.835,0.877,0.733,0.415,0.877,1.153,0.926,0.588,0.562,0.482,1.315,1.066,0.726,0.597,0.484,0.56,0.575,0.47,1.112,0.56,0.347,0.352,0.667,0.897,0.828,0.959,0.988,0.874,0.965,1.289,0.264,0.572,0.551,0.591,0.491,0.646,0.557,0.641,0.815,0.728,1.183,1.133,1.026,1.079,1.026,0.971,0.981,1.001,0.927,0.926,0.862,0.88,0.854,1.009,1.005,0.984,1.328,1.058,1.013,0.9,0.841,0.838,0.48,0.337,0.105,0.31,0.278,0.298,0.252,0.283,0.565,0.445,0.534,0,1.055,0.548,1.004,0.587
Register Office,0.921,0.742,0.855,0.89,1.095,0.246,0.168,0.171,0.548,0.654,0.716,0.394,0.212,0.64,0.889,1.002,1.223,1.173,1.468,0.36,0.946,1.332,1.272,0.594,0.398,0.3,0.32,0.331,1.111,1.079,0.234,0.903,0.484,0.629,0.787,0.874,0.682,0.741,0.733,0.481,1.086,0.2,0.156,0.127,0.062,0.067,0.104,0.179,0.197,0.208,0.229,0.219,0.205,0.203,0.054,0.05,0.072,0.455,0.297,0.353,0.334,0.373,0.445,0.612,0.757,1.095,1.352,1.186,1.239,1.177,1.242,1.406,1.3,0.861,1.055,0,1.501,0.148,0.525
Pos Polis Bantuan,1.102,1.017,0.994,0.838,0.441,1.369,1.56,1.403,0.962,0.876,0.799,1.814,1.558,0.983,0.732,0.567,0.409,0.474,0.112,1.451,0.663,0.201,0.23,0.97,1.421,1.225,1.316,1.339,0.831,0.954,1.729,0.6,1.032,0.889,0.8,0.679,0.904,0.813,0.869,1.131,0.695,1.66,1.608,1.502,1.538,1.488,1.435,1.467,1.491,1.415,1.419,1.34,1.358,1.314,1.45,1.452,1.437,1.837,1.565,1.53,1.413,1.359,1.366,1.001,0.872,0.598,0.294,0.318,0.271,0.333,0.275,0.189,0.221,0.712,0.548,1.501,0,1.414,1.106
Stor Sukan,0.774,0.599,0.711,0.756,0.993,0.318,0.15,0.251,0.451,0.546,0.617,0.541,0.35,0.508,0.766,0.891,1.112,1.058,1.39,0.232,0.827,1.254,1.187,0.473,0.493,0.188,0.173,0.183,0.972,0.935,0.326,0.823,0.437,0.527,0.667,0.764,0.558,0.627,0.608,0.344,0.956,0.346,0.304,0.258,0.21,0.196,0.195,0.293,0.319,0.299,0.323,0.266,0.26,0.212,0.108,0.131,0.15,0.603,0.43,0.475,0.427,0.45,0.525,0.601,0.735,1.056,1.288,1.104,1.158,1.097,1.164,1.305,1.205,0.746,1.004,0.148,1.414,0,0.534
